24
0.1 0.1 -0.1     1.0 1.0 1.0 1.0     0.0 1.0
0.1 0.1 -0.1     1.0 1.0 1.0 1.0     1.0 0.0
0.1 0.1 -0.1     1.0 1.0 1.0 1.0     1.0 1.0
0.1 -0.1 -0.1     1.0 1.0 1.0 1.0     1.0 0.0
0.1 -0.1 -0.1     1.0 1.0 1.0 1.0     1.0 0.0
0.1 -0.1 -0.1     1.0 1.0 1.0 1.0     1.0 0.98
0.1 0.1 0.1     1.0 1.0 1.0 1.0     0.0 1.0
0.1 0.1 0.1     1.0 1.0 1.0 1.0     0.7 0.75
0.1 0.1 0.1     1.0 1.0 1.0 1.0     0.12 1.0
0.1 -0.1 0.1     1.0 1.0 1.0 1.0     0.0 1.0
0.1 -0.1 0.1     1.0 1.0 1.0 1.0     0.6 0.46
0.1 -0.1 0.1     1.0 1.0 1.0 1.0     0.0 1.0
-0.1 0.1 -0.1     1.0 1.0 1.0 1.0     0.2 0.1
-0.1 0.1 -0.1     1.0 1.0 1.0 1.0     0.0 1.0
-0.1 0.1 -0.1     1.0 1.0 1.0 1.0     0.5 0.56
-0.1 -0.1 -0.1     1.0 1.0 1.0 1.0     0.1 1.0
-0.1 -0.1 -0.1     1.0 1.0 1.0 1.0     0.0 0.54
-0.1 -0.1 -0.1     1.0 1.0 1.0 1.0     0.0 0.5
-0.1 0.1 0.1     1.0 1.0 1.0 1.0     0.0 0.75
-0.1 0.1 0.1     1.0 1.0 1.0 1.0     0.25 0.8
-0.1 0.1 0.1     1.0 1.0 1.0 1.0     0.25 1.0
-0.1 -0.1 0.1     1.0 1.0 1.0 1.0     0.01 0.0
-0.1 -0.1 0.1     1.0 1.0 1.0 1.0     0.1 1.0
-0.1 -0.1 0.1     1.0 1.0 1.0 1.0     0.4 1.0
12
12 7 1
6 22 10
19 15 21
3 23 17
2 11 5
14 4 16
12 18 7
6 20 22
19 13 15
3 9 23
2 8 11
14 0 4
